19233503 233.47 144.0 309.47 172.5 219.47 173.0 
19233511 207.91 139.85 164.79 161.08 202.15 183.48 
19233515 208.56 161.12 127.68 205.5 201.06 224.87 
19233504 213.17 129.07 262.51 148.16 248.42 156.36 
19233501 210.64 117.04 279.39 159.91 203.14 189.79 
19233507 155.98 153.98 278.48 186.98 177.98 241.98 
19233510 266.47 100.67 162.3 109.67 252.8 177.33 
19233514 339.3 127.0 242.47 149.0 333.64 188.33 
19233506 153.53 148.91 284.53 192.24 176.2 239.57 
19233519 239.69 144.26 150.69 200.26 264.69 249.59 
19233520 222.44 180.55 192.7 185.26 243.53 196.17 
19233522 179.97 139.25 269.59 128.0 186.97 175.5 
19233528 0.0 0.0 0.0 0.0 0.0 0.0 
19233544 234.97 122.0 112.97 198.5 256.97 191.0 
19233545 223.97 167.0 301.97 160.0 235.97 213.0 
19233555 0.0 0.0 0.0 0.0 0.0 0.0 
19233557 190.97 138.0 236.47 165.5 201.97 175.0 
19233518 238.97 130.0 210.47 140.5 229.97 163.0 
19233530 230.36 123.26 124.36 121.42 212.02 173.92 
19233532 283.51 215.69 148.51 180.19 308.51 205.19 
19233537 221.97 210.0 314.97 282.0 261.97 292.0 
19233539 0.0 0.0 0.0 0.0 0.0 0.0 
19233540 0.0 0.0 0.0 0.0 0.0 0.0 
19233556 251.97 151.0 197.47 177.5 242.97 178.0 
19233561 0.0 0.0 0.0 0.0 0.0 0.0 
19233502 207.72 115.86 269.26 162.14 201.38 191.31 
19233523 177.45 157.88 333.09 148.89 189.1 194.95 
19233527 198.93 122.92 246.94 180.16 175.56 210.36 
19233550 238.63 137.94 110.63 170.69 256.63 205.44 
19233517 233.85 130.18 159.66 177.5 224.73 192.74 
19233534 208.97 184.0 263.97 175.5 226.97 223.0 
19233512 210.65 145.75 168.98 159.66 202.85 181.7 
19233513 338.8 129.48 206.06 149.01 335.66 194.53 
19233526 275.3 117.88 182.3 152.88 271.3 177.88 
19233533 323.97 148.0 216.47 181.0 346.97 246.0 
19233538 221.63 139.77 290.13 150.77 238.63 204.77 
19233542 209.05 119.13 252.3 121.63 225.05 182.63 
19233548 118.3 149.88 210.05 86.13 186.8 156.38 
19233549 159.8 158.88 233.3 117.88 205.8 182.88 
19233553 196.18 131.88 335.43 161.51 203.18 199.63 
19233559 250.8 140.88 220.55 171.63 270.3 194.38 
19233509 189.8 149.88 269.8 158.63 199.8 186.38 
19233525 223.8 128.88 257.55 154.88 215.3 189.88 
19233535 0.0 0.0 0.0 0.0 0.0 0.0 
19233560 0.0 0.0 0.0 0.0 0.0 0.0 
19233562 254.8 115.38 223.55 161.13 270.3 195.88 
19233558 0.0 0.0 0.0 0.0 0.0 0.0 
19233531 242.97 215.0 218.47 182.5 321.97 200.0 
19233546 226.97 145.0 194.97 143.5 216.97 169.0 
19233551 234.97 129.0 205.47 173.5 261.97 182.0 
19233505 226.16 154.94 269.93 155.98 252.13 197.63 
19233536 231.55 139.38 292.3 156.88 226.55 215.38 
19233554 193.47 161.0 354.97 226.5 176.47 218.0 
19233521 227.22 131.5 131.47 150.75 233.72 177.0 
19233524 252.03 160.62 265.81 187.98 236.92 187.39 
19233529 0.0 0.0 0.0 0.0 0.0 0.0 
19233516 213.97 165.0 156.47 182.0 202.97 215.0 
19233508 0.0 0.0 0.0 0.0 0.0 0.0 
19233541 200.95 191.84 202.35 201.58 203.74 211.33 
19233543 206.47 104.5 282.47 104.75 214.47 144.0 
